$ANSIBLE_VAULT;1.1;AES256
38303839666666373134343136396664653264393436323763373337333030343163363335663439
3130636263313766663030613965616636656566343338320a363435636432333139326163616233
31353165653562643661346264336163336230356432346365346264653938613861363938666537
3338666364383734610a613037653562666234336633383538393733653731333835636233393134
35393736353961666465333838323131636532633665656235353932343662363863383261653036
61356132333662326163636137636337666136396435636433303066633236656532396566323966
64633634326439353839643336326535373936316138383865643037376139613837336631623434
62333434303937663765653739336337633438333062323336346331613139613436613830373132
61623063393964633837643666386664363264393766396333386337643436366239656331393266
63333131326534306331313661396337306331616539353536373461313535386133616531613665
62653965613434383136303163633030383938636134646138373462383963396331656430666631
36313466396164343935
