$ANSIBLE_VAULT;1.1;AES256
34663062393136303239376539653663353834326539313761373865666563623564313331336635
3062346662663961366332343039626437616461626339660a633861343364313265303430633466
34393562353064363635613164343064653862333362376661383962643734376464656430636135
3535303538313638380a333432366232303766393330613134366637346264646261323537373432
35333236336135313232333864623665643664326238663236393364386466373762326530636432
33326363636636373735363137643639383364323565643163656332373561653339313435326434
32346665373866623164616633346336636138626232363862316236363132643833323764613261
36613836643833323363653035633062343132363738663363633030306638643962383963393538
32376364346133393733613132303235373337363935643436336166333137616233643662303936
66643061363731663962363633373135363432333537663337376266383766333631383364313265
64306231323230373663633862616234313361303934373335613138643633373138376336613361
61353036393365313031313366313564303632633230616639366130653938343931363830316566
63323962643839616332336564636636333764633262663963323563343763653935303231393766
35616232333230306466343734323438383663356537613365626261316439393731383235636363
35653866333432383932386138656536373033666464656165633666613164313165656234643861
31326637623730313965326365356163376233636430323565663130356439343138633737306532
30313838333066303663643165656664646563393533353037316435323762356163633037366234
36313764613433373731613332383434353734396335336664333431323763613466653033626465
65333366316639363061353935393138383433373730366564646330323061616230326466653465
61346535373963643835336532346665626663363933326535306132333638616165366165376361
36373439393238373633666633336266323762363238363266656165666334323764373964313637
35363431646539323662336132663537363532373731303964376562383039346262663439316236
32396266613734306330623933643535393736666235613961626439646434346337363839663264
65353538346135346362393763346438303634356436386266373163646137666434336164346334
62613363333163313934313063373532396266346534326336323065363031633161666234613130
66356332383639363362323532383266393938613135633538666662636636353830333234623864
64613634393839666463663261386438353732656263363733383539653039313839306139663562
63353135386162653634326536373765623633633764636537383330363064323535306239643564
64356638633333353161663962643765373162316662393539643836643664646133653534613430
63336531346136623064376666636564353262623033643631613738316165616163363939323232
34343535363932666638643236353631653761383566396134623664383163356365323066376435
36346565666530366266376362613732366139383632663166356164363837326330643434356532
34313730303962613863383133363434646363313761333164623434653433396539343037363733
37383733353437663637313339633265653532616630623636666136393166326462323863313664
30626538356263643166363264326365323539623530653663353837393965373433303338613131
35376530633864613537616333626432383165353165383032336432393934383766633562393066
35636365393730393133343036303732613933643038643733383732346338653165633338346465
32643730363861386563373462646666343861346534313461383130303237303265313431313765
63656634666231343964366165336166373865303461653833336632353262333231366430663536
31653964346432316231386539373538343935643861303430623339376231306234646631646639
31303661353261316162373734333633656533633866396361633737383561306433333137346339
35386131636365633632316338616333613535323138663966383630636162323038656636396539
61656638653938313031336131323334643862356366353936396338656231663733373563626638
37656466366461626366613139633035336438363063626339303031626131666637666466666238
36376462663031386635643632356264326335393238643064313361323539613464663366383130
61633364343862353338353237396233316136653835626362313866666534386536366530656466
66386462326439323461663735343736343163313733323633376432396534643964383238373333
30613764666334343839343336363732316363613066323834616431663664363261336533306164
65316337613238363761323139373239373731386562373462383863386630626431343331363835
31383033333265663930306261303764323231306434653631666435326137353464623264353035
39386238373632373939656264366433623137333766663430363037376630393631616639333666
30313863346338323733323730326235306364343137306261316363303534303738646337626462
30333061663230353435363031383137363966646630366636363066633964326263663033316630
38373836366466366131663662313933343564323165323565303061663663653766343536303361
61366539656538643762393562656232373762346637316232303439376431636434653362653266
61316262626230346532613937643935643138666266366361306633666666383864386132393337
65646564313139393938346138656361663838636235346434386432623866646235366435346661
65333232303661613733633737326362373934343835333536663264373766396331636133303534
64323839323631306361393863613265366638366265336162333261306434353636386266343866
61356137353338306164633532623066643732393635373931383237373837363939323430353039
32626437306436643936613432323435396462633263393435613663616135656264353838373335
31663963323565333735363963373163363265323632383535383063323531333132613961303437
32623137653965316431313135303461323539323137386236623939656639666231343235373731
38333364393331623735346332663431663762646464383766316130616633333161303062313535
33646639653531386631666234336133373337366363373038666239313438373835343064626362
35363039646338646431386238376333346662623134646366353662613039353366326433613963
61623631636536396539306635663937366133333938616462376561626437356232666462636638
31636631663334643632306130373433616561666638346635363732376339613839666435373265
36653937366133373662303961353839393132393937633731346638366165353737333737633932
66336637303431303636313532393035623065316631303234636161353063613061396134656366
35323763636237326261366131363839623431653736636239306265316535323434656264346166
35353234386436633132373363323737323361653066623962343964623965353931646636643164
64353234316362636565643066623431656265313139663139633137326165626239313363353634
36623938323736343063353364333735353966633664326138383436373137643132343231386630
35653732336637386465656337396537626337343030633239656634353265633666343962326534
38376332303964623935323231663230346266376139643338316430373762353663643439393263
34373930326266386434383038313862643332393566626234303030376239383830663132666139
37383464383936363363333064643732373231393963346361653533353631623137303337323735
61353036613230306461616266316262383762366461346530346330643166623763393334356363
36333764633035303066363063613063366533616138373239643236613465666264633364366433
66353561663131323038356430306462636330376630343337306437616334346161643934373436
63666662636237356636323865656137613965303935613039653939646139393664343663336238
33343331643133323063666631313333656362613635653934323863373132653064633163303336
64656262616436396637633136353539373334326166316365323236636335643238346439303030
66613532353665643939393838306233343137386538626332353435396462303261643230383430
64393964343161303737323337616436323830393661343462303863663663633437333865643530
34663662323934353564613932636630373161636162383037393863323038363632303161373837
34373764393734393066
